split=test
H=50
delan_mse=4.633567810058594
delan_rmse=2.1525723934173584
res_mse=1.5010466575622559
res_rmse=1.2251720428466797
rg_mse=1.5010466575622559
rg_rmse=1.2251720428466797
delan_joint_rmse=1.0193994045257568 5.099217414855957 0.7689361572265625 0.3442431390285492 0.21697941422462463 0.05797995626926422
res_joint_rmse=0.8236401081085205 2.7114572525024414 0.8990358114242554 0.3423500955104828 0.2104012668132782 0.07848592847585678
rg_joint_rmse=0.8236401081085205 2.7114572525024414 0.8990357518196106 0.3423500955104828 0.2104012817144394 0.07848592847585678
