run_name=delan_ur5_classPipe__delan_struct_s4_ep200
hp_preset=fast_debug
hyper={'dataset': 'delan_ur5_classPipe__delan_struct_s4_ep200', 'n_width': 64, 'n_depth': 2, 'n_minibatch': 256, 'diagonal_epsilon': 0.1, 'diagonal_shift': 2.0, 'activation': 'tanh', 'learning_rate': 0.0003, 'weight_decay': 1e-05, 'max_epoch': 300, 'lagrangian_type': <function structured_lagrangian_fn at 0x7645fb81ad40>}
npz=/workspace/shared/data/preprocessed/delan_ur5_dataset.npz
ckpt=/workspace/shared/models/delan/delan_ur5_classPipe__delan_struct_s4_ep200/delan_ur5_classPipe__delan_struct_s4_ep200.jax
seed=4
model_type=structured
dt=0.02439441835857372
n_dof=6
torque_mse=5.667581081390381
torque_rmse=2.380668200608892
torque_mse_per_joint=1.7206196784973145 29.408206939697266 2.4193639755249023 0.35290151834487915 0.09844148904085159 0.005950877442955971
torque_rmse_per_joint=1.3117239475250244 5.422933578491211 1.55543053150177 0.59405517578125 0.3137538731098175 0.07714193314313889
time_per_sample_s=2.4207804268756048e-08
hz=41308992.2943014
