split=test
H=50
delan_mse=5.173201560974121
delan_rmse=2.2744672298431396
res_mse=1.626175045967102
res_rmse=1.275215744972229
rg_mse=1.626175045967102
rg_rmse=1.275215744972229
delan_joint_rmse=1.2972291707992554 5.2675676345825195 1.1247258186340332 0.4938233196735382 0.30676254630088806 0.07847809046506882
res_joint_rmse=1.0177333354949951 2.722032070159912 0.9705610871315002 0.5481959581375122 0.2546912729740143 0.06661055982112885
rg_joint_rmse=1.0177333354949951 2.722031831741333 0.9705610871315002 0.5481958985328674 0.2546912729740143 0.06661055982112885
feature_mode=full
residual_npz=/workspace/shared/data/processed/ur5__classPipe__residual_delan_struct_s4_ep200/ur5__classPipe__residual_delan_struct_s4_ep200.npz
lstm_model=/workspace/shared/models/lstm/ur5__classPipe__delan_struct_s4_ep200__feat_full__lstm_s4_H50_ep60_b64_u128_do0p2/ur5__classPipe__delan_struct_s4_ep200__feat_full__lstm_s4_H50_ep60_b64_u128_do0p2.keras
lstm_scalers=/workspace/shared/models/lstm/ur5__classPipe__delan_struct_s4_ep200__feat_full__lstm_s4_H50_ep60_b64_u128_do0p2/scalers_H50.npz
