split=test
H=50
delan_mse=4.633567810058594
delan_rmse=2.1525723934173584
res_mse=0.9945582747459412
res_rmse=0.9972754120826721
rg_mse=0.9945582747459412
rg_rmse=0.9972754120826721
delan_joint_rmse=1.0193994045257568 5.099217414855957 0.7689361572265625 0.3442431390285492 0.21697941422462463 0.05797995626926422
res_joint_rmse=0.7789473533630371 2.166499376296997 0.6925917267799377 0.38146495819091797 0.19810296595096588 0.049278147518634796
rg_joint_rmse=0.7789474129676819 2.166499137878418 0.6925916075706482 0.3814649283885956 0.19810296595096588 0.0492781437933445
