run_name=UR3_Load0_DataSet16__A__delan_jax_struct_s4_ep200
hp_preset=fast_debug
hyper={'dataset': 'UR3_Load0_DataSet16__A__delan_jax_struct_s4_ep200', 'n_width': 64, 'n_depth': 2, 'n_minibatch': 256, 'diagonal_epsilon': 0.1, 'diagonal_shift': 2.0, 'activation': 'tanh', 'learning_rate': 0.0003, 'weight_decay': 1e-05, 'max_epoch': 300, 'lagrangian_type': <function structured_lagrangian_fn at 0x7960b96281f0>}
npz=/workspace/shared/data/preprocessed/delan_UR3_Load0_DataSet16_dataset.npz
ckpt=/workspace/shared/models/delan/UR3_Load0_DataSet16__A__delan_jax_struct_s4_ep200/UR3_Load0_DataSet16__A__delan_jax_struct_s4_ep200.jax
seed=4
model_type=structured
dt=0.020128842198877187
n_dof=6
torque_mse=0.10928785055875778
torque_rmse=0.3305871300561439
torque_mse_per_joint=0.010396924801170826 0.5048506259918213 0.12788882851600647 0.004987363703548908 0.005352918989956379 0.002250148681923747
torque_rmse_per_joint=0.10196530818939209 0.7105284333229065 0.35761547088623047 0.07062126696109772 0.07316364347934723 0.04743573069572449
time_per_sample_s=1.6501050049555489e-07
hz=6060220.392016436
