split=test
H=50
delan_mse=5.173201560974121
delan_rmse=2.2744672298431396
res_mse=1.466897964477539
res_rmse=1.211155652999878
rg_mse=1.466897964477539
rg_rmse=1.211155652999878
delan_joint_rmse=1.2972291707992554 5.2675676345825195 1.1247258186340332 0.4938233196735382 0.30676254630088806 0.07847809046506882
res_joint_rmse=1.0164918899536133 2.5443952083587646 0.9958055019378662 0.4900561273097992 0.2411290556192398 0.0651906207203865
rg_joint_rmse=1.0164917707443237 2.5443954467773438 0.9958053827285767 0.4900561273097992 0.2411290556192398 0.0651906207203865
feature_mode=full
residual_npz=/workspace/shared/data/processed/ur5__boxPlots__residual_delan_struct_s4_ep200.npz
lstm_model=/workspace/shared/models/lstm/ur5__boxPlots__delan_struct_s4_ep200__feat_full__lstm_s4_H50_ep60_b64_u128_do0p2/ur5__boxPlots__delan_struct_s4_ep200__feat_full__lstm_s4_H50_ep60_b64_u128_do0p2.keras
lstm_scalers=/workspace/shared/models/lstm/ur5__boxPlots__delan_struct_s4_ep200__feat_full__lstm_s4_H50_ep60_b64_u128_do0p2/scalers_H50.npz
