run_name=ur5__A__delan_torch_struct_s4_ep200
hp_preset=fast_debug
hyper={'dataset': 'ur5__A__delan_torch_struct_s4_ep200', 'n_width': 64, 'n_depth': 2, 'n_minibatch': 256, 'diagonal_epsilon': 0.1, 'diagonal_shift': 2.0, 'activation': 'softplus', 'learning_rate': 0.0003, 'weight_decay': 1e-05, 'max_epoch': 300, 'lagrangian_type': 'structured'}
npz=/workspace/shared/data/preprocessed/delan_ur5_dataset.npz
ckpt=/workspace/shared/models/delan/ur5__A__delan_torch_struct_s4_ep200/ur5__A__delan_torch_struct_s4_ep200.torch
seed=4
model_type=structured
dt=0.02439441835857372
n_dof=6
torque_mse=176.01451110839844
torque_rmse=13.26704605812456
torque_mse_per_joint=15.914911270141602 939.5903930664062 83.8254165649414 9.279234886169434 7.416604518890381 0.059278737753629684
torque_rmse_per_joint=3.989349842071533 30.652738571166992 9.155622482299805 3.0461835861206055 2.723344326019287 0.24347224831581116
time_per_sample_s=7.130682910413944e-07
hz=1402390.2234378683
