run_name=ur5__A__delan_jax_struct_s4_ep200
hp_preset=fast_debug
hyper={'dataset': 'ur5__A__delan_jax_struct_s4_ep200', 'n_width': 64, 'n_depth': 2, 'n_minibatch': 256, 'diagonal_epsilon': 0.1, 'diagonal_shift': 2.0, 'activation': 'tanh', 'learning_rate': 0.0003, 'weight_decay': 1e-05, 'max_epoch': 300, 'lagrangian_type': <function structured_lagrangian_fn at 0x7dd47e0281f0>}
npz=/workspace/shared/data/preprocessed/delan_ur5_dataset.npz
ckpt=/workspace/shared/models/delan/ur5__A__delan_jax_struct_s4_ep200/ur5__A__delan_jax_struct_s4_ep200.jax
seed=4
model_type=structured
dt=0.02439441835857372
n_dof=6
torque_mse=5.670727252960205
torque_rmse=2.381328883829406
torque_mse_per_joint=1.7212339639663696 29.425691604614258 2.418588399887085 0.35429468750953674 0.09849482029676437 0.0060720560140907764
torque_rmse_per_joint=1.3119580745697021 5.4245452880859375 1.5551811456680298 0.5952265858650208 0.3138388395309448 0.07792339473962784
time_per_sample_s=1.1214601705077945e-07
hz=8916946.19477393
