run_name=ur5__A__delan_jax_struct_s4_ep200
hp_preset=fast_debug
hyper={'dataset': 'ur5__A__delan_jax_struct_s4_ep200', 'n_width': 64, 'n_depth': 2, 'n_minibatch': 256, 'diagonal_epsilon': 0.1, 'diagonal_shift': 2.0, 'activation': 'tanh', 'learning_rate': 0.0003, 'weight_decay': 1e-05, 'max_epoch': 300, 'lagrangian_type': <function structured_lagrangian_fn at 0x78a8e918c1f0>}
npz=/workspace/shared/data/preprocessed/delan_ur5_dataset.npz
ckpt=/workspace/shared/models/delan/ur5__A__delan_jax_struct_s4_ep200/ur5__A__delan_jax_struct_s4_ep200.jax
seed=4
model_type=structured
dt=0.02439441835857372
n_dof=6
torque_mse=5.67457914352417
torque_rmse=2.3821375156619675
torque_mse_per_joint=1.7226632833480835 29.446775436401367 2.4193859100341797 0.35432687401771545 0.09829320013523102 0.005995017476379871
torque_rmse_per_joint=1.3125026226043701 5.426488399505615 1.5554375648498535 0.5952536463737488 0.3135174512863159 0.07742749899625778
time_per_sample_s=1.1121886365903102e-07
hz=8991280.499553993
