run_name=ur5__A__delan_jax_struct_s4_ep200
hp_preset=fast_debug
hyper={'dataset': 'ur5__A__delan_jax_struct_s4_ep200', 'n_width': 64, 'n_depth': 2, 'n_minibatch': 256, 'diagonal_epsilon': 0.1, 'diagonal_shift': 2.0, 'activation': 'tanh', 'learning_rate': 0.0003, 'weight_decay': 1e-05, 'max_epoch': 300, 'lagrangian_type': <function structured_lagrangian_fn at 0x7f2b3ba941f0>}
npz=/workspace/shared/data/preprocessed/delan_ur5_dataset.npz
ckpt=/workspace/shared/models/delan/ur5__A__delan_jax_struct_s4_ep200/ur5__A__delan_jax_struct_s4_ep200.jax
seed=4
model_type=structured
dt=0.02439441835857372
n_dof=6
torque_mse=5.674671173095703
torque_rmse=2.382156832178709
torque_mse_per_joint=1.7212234735488892 29.44927406311035 2.419691562652588 0.3533579111099243 0.09833284467458725 0.006121968850493431
torque_rmse_per_joint=1.3119540214538574 5.426718711853027 1.5555357933044434 0.5944391489028931 0.3135806918144226 0.07824300974607468
time_per_sample_s=1.121349593698297e-07
hz=8917825.499021435
