run_name=ur5__A__delan_jax_struct_s4_ep200
hp_preset=fast_debug
hyper={'dataset': 'ur5__A__delan_jax_struct_s4_ep200', 'n_width': 64, 'n_depth': 2, 'n_minibatch': 256, 'diagonal_epsilon': 0.1, 'diagonal_shift': 2.0, 'activation': 'tanh', 'learning_rate': 0.0003, 'weight_decay': 1e-05, 'max_epoch': 300, 'lagrangian_type': <function structured_lagrangian_fn at 0x709b8abefa30>}
npz=/workspace/shared/data/preprocessed/delan_ur5_dataset.npz
ckpt=/workspace/shared/models/delan/ur5__A__delan_jax_struct_s4_ep200/ur5__A__delan_jax_struct_s4_ep200.jax
seed=4
model_type=structured
dt=0.02439441835857372
n_dof=6
torque_mse=5.667580604553223
torque_rmse=2.3806681004611336
torque_mse_per_joint=1.7206181287765503 29.408161163330078 2.4193668365478516 0.3529016971588135 0.09844148904085159 0.0059508816339075565
torque_rmse_per_joint=1.3117233514785767 5.422929286956787 1.5554313659667969 0.5940552949905396 0.3137538731098175 0.07714195549488068
time_per_sample_s=2.4721950644672645e-08
hz=40449882.55065103
