split=test
H=50
delan_mse=5.173201560974121
delan_rmse=2.2744672298431396
res_mse=1.4297544956207275
res_rmse=1.1957234144210815
rg_mse=1.4297544956207275
rg_rmse=1.1957234144210815
delan_joint_rmse=1.2972291707992554 5.2675676345825195 1.1247258186340332 0.4938233196735382 0.30676254630088806 0.07847809046506882
res_joint_rmse=1.022937297821045 2.481844663619995 1.0309094190597534 0.4960417151451111 0.24467146396636963 0.06228882074356079
rg_joint_rmse=1.0229371786117554 2.481844663619995 1.0309092998504639 0.4960417151451111 0.24467147886753082 0.06228882074356079
