split=test
H=50
delan_mse=5.173201560974121
delan_rmse=2.2744672298431396
res_mse=1.763895869255066
res_rmse=1.3281173706054688
rg_mse=1.763895869255066
rg_rmse=1.3281173706054688
delan_joint_rmse=1.2972291707992554 5.2675676345825195 1.1247258186340332 0.4938233196735382 0.30676254630088806 0.07847809046506882
res_joint_rmse=0.9759875535964966 2.8719940185546875 1.0325778722763062 0.4960540235042572 0.25541868805885315 0.07035710662603378
rg_joint_rmse=0.9759876132011414 2.8719940185546875 1.0325778722763062 0.4960540533065796 0.25541865825653076 0.07035710662603378
