split=test
H=50
delan_mse=0.10867002606391907
delan_rmse=0.3296513557434082
res_mse=0.0035558936651796103
res_rmse=0.059631314128637314
rg_mse=0.0035558936651796103
rg_rmse=0.059631314128637314
delan_joint_rmse=0.10058131068944931 0.7087470889091492 0.3564508855342865 0.07046282291412354 0.07289198040962219 0.04738472402095795
res_joint_rmse=0.03944161906838417 0.08982551842927933 0.09358862787485123 0.03222432732582092 0.03612882271409035 0.024669090285897255
rg_joint_rmse=0.03944161906838417 0.08982551097869873 0.09358863532543182 0.03222432732582092 0.03612882271409035 0.024669090285897255
feature_mode=full
residual_npz=/workspace/shared/data/processed/UR3_Load0_DataSet16__A__residual__delan_jax_struct_s4_ep200/UR3_Load0_DataSet16__A__residual__delan_jax_struct_s4_ep200.npz
lstm_model=/workspace/shared/models/lstm/UR3_Load0_DataSet16__A__delan_jax_struct_s4_ep200__feat_full__lstm_s4_H50_ep60_b64_u128_do0p2/UR3_Load0_DataSet16__A__delan_jax_struct_s4_ep200__feat_full__lstm_s4_H50_ep60_b64_u128_do0p2.keras
lstm_scalers=/workspace/shared/models/lstm/UR3_Load0_DataSet16__A__delan_jax_struct_s4_ep200__feat_full__lstm_s4_H50_ep60_b64_u128_do0p2/scalers_H50.npz
