split=test
H=60
delan_mse=22.96440315246582
delan_rmse=4.792119026184082
res_mse=2.80842661857605
res_rmse=1.6758360862731934
rg_mse=2.80842661857605
rg_rmse=1.6758360862731934
delan_joint_rmse=2.0806081295013428 11.446773529052734 1.3439767360687256 0.6218491792678833 0.47716382145881653 0.09012942016124725
res_joint_rmse=1.6824862957000732 3.4274518489837646 1.289590835571289 0.6096388697624207 0.48080942034721375 0.08058012276887894
rg_joint_rmse=1.6824862957000732 3.4274518489837646 1.2895909547805786 0.6096389293670654 0.48080942034721375 0.08058012276887894
